78653
1475693
12369
159823647
1235789
5368
1598742
147896523
42685
2589
4568
12358
7538462
65418
145236987
12356
1596328
15963
426853
7512369
5862
7415963258
14725
1456328
9635741
1235789
574123
4569
1235786
12357
4268531
143258967
1235789
1269854
547123
15874
1258963
145896
1689
7415963
15986
15789
1486
15987
1235789
2589
4987253
8416
35789
74123
7865423
1475963
12357
12367
4269875
16729438
14569
2456
753219
147896325
14789635
123698745
12369
5478
1259
4153278
12369
32147
42586
729856
758623
7415628
12357896
18596
147896325
1478963
125896
4263
7458
12369
12369
7583249
185247369
7298
5214863
953741
34576
753698
18569
74235
1852
1458
6985214
35789
14785
1475369
1235789
4268159
5637
1236987
1235789
247581639
14589
14753
18369
1452369
12357896
186325
36951
78963215
35789
1235789
1475369
12587
145892
785632
3578946
1235789
4789
42369
1245789
7896321
475238
25896413
729514
123578964
147852369
65874123
14756
7536
7536
14753
12547689
153296847
32158
635142789
85213
148657
36987415
578426
72358
35741
2458
789632145
25863
32589
123654789
35789
275381
3267
452369
74563
62539847
74523698
12586
987523
95321
42681
14896532
2583
369854
596321478
123654789
9875321
7415369
1236954
1478
24871596
123654
4569
15369